1600
-1453 -2487
-4163 -385
2883 1631
3 -1214
2421 1955
-3509 918
3293 -2952
-3940 -746
3648 -4386
-4562 1994
0 4215
0 -3463
-50 1668
-3048 1540
1675 -4445
0 3657
2832 4217
3531 -1339
2986 444
-1416 3436
4152 -2965
-4689 -4991
1206 -3819
-724 177
3708 3392
-3428 -1407
4891 -3157
3176 -1332
-1285 -3399
-2858 -1293
2299 -2601
-2112 967
-3779 -1677
3020 -1463
-2244 2951
-1448 -40
3808 1805
3652 4442
-1375 3314
3720 -2467
2218 220
2927 -1352
-4636 1248
-1553 4308
-4019 -3938
-2796 -4857
-4688 -1359
2894 -2590
0 -3843
-3546 -3043
-1903 -1326
0 2472
-3104 -1741
3954 -3356
-3163 3577
-2102 -3827
-2595 -558
-4142 838
4691 -3024
-4156 -3969
-1068 3522
4466 3999
725 -2962
0 4849
2359 4616
-1960 -3860
2543 1588
-3246 -1725
-1854 -3405
-4413 4219
-4302 -746
560 -4756
-3496 3679
-2777 -2862
1482 1289
-1488 2734
-2384 -4305
-567 -142
-4596 -2829
0 -1761
2321 2654
-182 2980
0 3364
-2775 -4379
-3341 -2820
-2212 359
1349 -1334
-4697 2591
795 83
-3946 -1216
2374 1482
-636 997
3942 3896
2736 573
1191 4032
-923 4270
2139 1554
-4544 2058
3465 -3967
526 -72
-5006 2546
-3137 -1639
990 -4287
0 -1116
838 -3123
-4285 -2405
-1273 -866
-4923 -2573
-2885 -2066
-1170 -4294
2591 -225
-2950 2226
4309 -1015
-2953 -3481
4156 -945
1867 3487
-2791 4434
2644 235
-269 -4921
0 -3530
-3099 -3813
-3411 -2359
1656 1257
3711 -3033
524 -2456
1459 -3432
-965 -1366
0 2081
3513 1854
-83 1786
3679 -4192
831 3642
838 865
-799 -579
4513 -1889
4146 -2049
0 -1843
-744 2264
368 3366
0 2194
-4933 -3638
-4130 2856
-3294 -5005
-1763 4817
-3292 2943
436 -2863
-3394 4489
1317 4441
-2177 -1737
4813 2608
98 4346
4782 -507
-4362 1362
0 1455
-1169 -535
69 -1415
3928 3436
2796 898
-5057 -353
3598 -39
927 -3661
1842 127
4030 -1573
-2374 -3227
-620 3610
-3797 -4353
2128 3720
-3794 3854
3981 4501
-4039 4576
-4244 3940
307 763
3796 -2724
-821 -1501
2210 -817
-595 -4633
3760 -3353
3069 -1135
4589 817
1671 1974
-179 1637
2023 -1422
2259 4424
1265 -1851
-3093 4384
-2062 3436
2899 374
-832 4720
-2469 -2558
675 1383
-3362 3572
3496 4203
0 -3001
-4414 -2859
-3697 -1141
-3677 3911
4316 2065
598 4744
358 1437
-3386 1331
1493 -4791
-2490 721
-3305 2272
3134 1013
3272 -1323
891 -3758
-3865 -3101
-3129 4180
223 847
3243 -2597
0 2316
0 4548
-4402 1871
0 -981
-1220 718
-3615 -3595
-3804 4124
1808 -1228
-1808 696
2105 3942
-5003 2571
2402 -4616
3069 -3743
418 4005
3952 2545
122 -3410
-1023 1490
-3262 -2018
4620 -2395
3970 132
3705 4061
-1760 2366
-2348 -1916
-2060 3719
-3675 3827
2447 1701
0 1768
4510 -2014
-1479 3816
-3463 2051
0 1728
1398 -186
936 -401
-984 -2044
154 2742
3114 2089
-1448 -385
-3199 867
2668 -3012
-273 -42
0 3423
3682 2504
-5064 1716
2771 2941
1104 -2952
639 2266
-590 -3533
2209 -3110
-4528 4586
4552 3854
2331 -4932
-1000 -292
4461 3068
-529 2605
404 -1887
-5049 -7
496 3207
3803 1693
-4479 4946
-4727 -1684
-4642 2118
-2471 2303
-4707 224
-468 -3276
3831 -4673
-4144 168
-4865 -887
3538 3240
2849 4498
-368 -1553
-239 -3162
-1886 4615
-301 4163
-1769 4817
-1941 2900
677 2404
4714 -4559
-2330 -1127
-4457 -2410
2068 4550
-5093 -2741
0 4441
0 -1381
4199 -2894
-4973 -4116
2229 269
-3046 -1353
3699 -1556
1643 1741
-2607 1692
0 293
3011 1382
4024 -1599
-1663 -4667
3209 3816
3132 -2983
2826 2424
1209 -1310
-4642 4048
1566 -2275
0 4282
0 -3469
-1715 -2567
-5062 -4187
-119 -16
-2054 -3568
-3161 -2983
-1774 -1431
-3333 232
0 -3508
2575 3129
1556 128
0 -1075
640 -697
-2365 126
1145 -4547
0 -4334
2490 -2426
3113 -4918
0 2016
-4832 -2433
2622 -1535
-3519 2579
-2492 286
1223 4072
0 -4350
1600 843
-4406 -4966
-1915 4791
2556 415
-2150 -1567
4429 -4387
-4056 4433
0 -4356
2014 -2645
0 4892
1975 747
3713 -486
-2332 -1918
2347 3314
2716 1166
-782 -1139
2051 4251
4839 -3327
-444 1270
-2319 -4245
-336 24
4222 3634
0 3571
3296 4645
-4856 1046
4617 1776
-1688 -1772
-4811 1571
-4612 746
-3634 -1036
3429 -1749
4564 1418
2342 -2689
-4853 268
2037 517
-727 3977
3378 3095
-780 -708
0 494
-2091 4616
-4214 -2556
1281 -3212
3879 2944
-1558 826
-4485 -4033
-1096 -1267
-1712 3088
954 1578
-1949 4125
1567 673
3253 2713
0 2464
1038 686
2852 -4952
0 3536
0 -4067
4106 -2927
3583 3483
1534 -4249
-3331 2593
1263 1910
-4637 -3424
-181 3170
0 -3505
-4850 -3805
4280 -434
0 -2410
334 4605
484 3421
0 3487
3953 4114
2750 -1755
-3907 727
-101 -2150
-2917 -3962
2891 2200
1085 1651
-695 2769
-2328 2592
1220 -4603
917 -1518
2546 -4496
-4141 -4632
0 -4443
3354 2293
-3765 -1133
-3295 -448
-327 -873
2701 1790
2973 -3341
2388 4244
-3409 -3137
3020 -2150
1316 4384
-2282 2077
1411 -5025
-2452 -754
1661 1821
-3434 2114
4516 1476
2017 -3522
-4332 -2239
3061 1570
-572 -2532
4182 4851
2750 -3833
-3201 1300
4003 3526
478 -5036
-383 -2648
-4287 -2823
-4418 2012
3469 -1327
-2086 -2623
3750 4506
-4770 -2775
471 1201
0 3801
3045 -4562
-1162 -3422
0 -4401
-281 -3836
1901 -24
0 -2308
4483 4005
-2558 -4858
536 -370
1510 -1771
-2666 1301
-3436 -4831
-3667 -981
3101 -2433
4167 630
-317 1531
-922 4792
-5039 2027
0 -2985
3760 4387
4587 3146
-4266 -1780
-2655 4828
0 -969
1997 -3111
-1310 2357
-271 -2777
-2187 3782
-3989 520
-3121 -3177
3793 813
-1143 4352
435 -2883
-730 -793
-3615 -3148
3502 -3734
3448 3969
0 3100
2794 967
1221 -5021
-1791 4804
-1930 4445
-2442 -2912
-4206 -3306
4680 -4724
-4914 2014
-2004 -2342
-184 1577
-208 4891
-794 -4372
-1467 1400
1191 -4958
3482 2977
2379 1209
-2453 2003
-315 2110
-2458 -1522
1680 -2613
-3860 -4112
-4435 4439
2686 3385
0 4476
51 4944
3003 -422
-3176 -2605
2126 2927
1703 543
-1943 -2785
0 -2915
-4704 -4960
-676 -1525
4752 -2216
136 -3715
-2858 673
3988 532
3108 4615
2883 -4392
4887 4956
3475 -2620
-250 2048
3892 -1816
-3377 3616
3915 -897
-4804 -1633
-4380 -4487
4408 -593
-3687 4330
1860 4283
0 2047
2058 1377
-4711 -3787
3342 4745
-4470 -375
-2928 -2819
1588 3695
0 4349
-1217 3229
-3764 -2448
-1697 -520
-5037 4314
-1351 -2383
-3833 1131
3076 1911
-2379 2089
618 378
3288 -2640
-4919 -3438
1138 2991
-1009 702
2540 4900
-3984 4771
1447 -3025
-466 4716
541 3134
-990 567
-2139 2626
2366 -2362
-3208 4696
-2099 4479
4503 4769
-4713 198
-3900 -2291
2122 2588
344 1719
1264 1772
-3632 -2587
-858 1818
2548 3110
-3681 -4489
-1378 -1777
-2716 -2028
-49 -510
-4310 1369
245 -1114
-3400 1290
2260 457
-3196 1400
-1783 -4605
4456 -4583
-4181 -1085
-2669 -2073
-3587 -1435
-4498 -420
-1366 -4717
0 -710
-70 -4205
2765 512
-4242 -3070
-3059 -272
-163 -600
-2248 188
1134 4944
1889 -311
0 -2836
2672 -2196
3472 2451
-2677 331
1109 4226
-2873 -412
1895 -3862
191 1335
-2482 -686
0 -1991
1696 -4628
-3207 4252
-1531 2438
4393 2759
1804 1364
-880 4584
1935 -4351
-4137 -546
3310 2209
0 4541
-1597 3240
-2175 -1552
0 -1707
4292 -5010
-1333 2841
-45 -4632
-5008 -3435
-452 -502
2508 4268
-2850 -2991
-2902 1481
-2564 -4420
-4045 -1287
-4725 1111
498 -4951
107 -1757
818 -3142
1418 -3830
0 -1694
1722 -1219
-2114 855
-2772 -2055
3121 1855
-2270 -2632
4292 1769
3816 2589
460 3584
4219 1480
0 1016
654 2454
-582 -2371
3912 3406
1650 1638
-1085 -467
1614 -259
-867 -795
-2698 2816
1777 3208
-1249 807
-5001 -1664
-1734 -1050
380 3554
-3824 1979
-2052 -2115
4681 2809
4292 -1228
-4256 2084
-4259 -2154
-2702 832
-365 -4509
-4269 338
-4883 4181
0 -2556
-3642 3678
-4808 -4821
2386 4598
-4239 4442
-1505 3667
-3639 3078
413 -2146
1565 955
-2245 1430
1521 -449
2709 1203
0 -755
1276 -378
55 -1719
1597 2159
-2673 1728
-1052 -3825
-2646 3250
2845 137
3392 -5024
4389 -763
-303 3101
3514 723
-4818 -2824
-3671 -2876
-1747 -3457
3315 339
1084 -3435
3925 4606
964 2571
2272 1903
-2878 -335
400 2332
3216 -502
-868 2692
100 -174
4233 4495
-3066 2371
-4384 4089
4231 -1471
-3866 929
2996 -820
1355 -859
4380 4181
3018 3754
0 2497
0 -2069
-2057 -4283
-2704 -4582
799 4628
-3 2651
-2178 1236
940 4518
-1852 1210
2482 3964
0 -4898
-1040 -1870
2463 270
648 -2254
401 466
0 4567
141 1214
95 -3379
4211 -1997
-5006 -1562
-4353 954
-296 3853
790 -4177
-2582 680
-3245 2444
-2220 -1916
-1022 -53
-226 -155
136 4240
-4408 -3826
676 -454
-609 -2661
-4954 -1586
-1424 -2017
-4672 -3784
-4136 -1476
3815 -1867
-4140 1309
0 1955
1270 3650
-4714 -4499
-1852 -2613
1105 -3772
0 -2562
1382 4917
2530 -2622
0 -1460
-3857 3797
-2397 -2891
315 -1908
-2256 -738
-2271 2619
-4626 4247
580 830
-2857 -1896
-4070 -1072
-2085 -2885
-2159 657
1910 -3395
-4858 721
1581 1170
-3051 4709
4762 -1722
-3183 778
0 -494
2129 -2813
4405 -2373
-2503 -555
3407 -2759
-46 -4428
-4923 -2823
3254 -82
0 3634
-2057 -2676
275 -160
951 4939
2260 -4611
1482 -1205
-1806 2495
1049 3953
-700 -3009
1799 -1568
-3415 -4523
-5016 2766
0 1709
-3146 4500
-3609 1827
2549 3542
2878 -76
-4848 3442
-3218 -371
1162 1557
236 -172
-252 -1174
-957 505
-577 -3421
-3325 -792
-3989 2347
3107 -2524
1942 934
-1092 -3967
2044 -2241
-1492 -4263
1055 3389
-828 -124
-4872 -4187
999 662
3775 -2180
4765 -4206
0 3269
-2843 -1656
-951 -1702
32 -2755
-4632 1891
1932 -4665
1273 -2274
-4215 4875
-1380 3962
-1742 -4124
865 -4587
-153 3520
0 -707
3639 -3089
1684 118
-2300 684
602 -5017
-4108 3399
-1921 -1023
4045 -4079
1479 3226
-851 -914
1444 -526
4523 2018
4766 4393
1613 745
-2709 1153
1788 -4271
2976 2248
-1387 -2857
-937 -3876
1655 -2114
1316 -4249
0 -2493
4175 2573
3184 169
1107 -2872
332 -1913
1095 3478
0 -1441
-162 -880
2047 -418
3684 3514
620 1542
1168 -4817
-42 2656
453 738
1184 4516
420 -4767
2858 3530
1922 -3944
2550 528
2401 -3926
0 -3258
-1159 2712
4387 1455
-1245 32
2542 -2439
-2314 66
549 3067
1468 -2470
0 2251
-2469 805
1953 2018
0 -674
-683 415
4182 -1641
2961 2731
-1816 1986
-798 -35
3275 1818
3256 -2580
-277 -4226
-3786 1953
3938 -1103
953 3007
4633 -2398
4293 -580
0 3630
2939 4611
-1094 2938
366 1718
2398 4367
-4698 -3600
1322 -354
1111 3354
-1842 -612
102 -2827
271 3613
580 4275
-1770 1996
4733 -229
-3519 714
-3283 -3235
-4316 4284
-3380 585
921 2183
3417 2616
838 -1047
-872 -2167
-2840 768
4842 3101
0 1539
4193 -4962
-3388 3206
453 3407
-1907 1183
3423 -805
3243 462
2418 2648
4533 -3310
2181 1458
1563 979
1927 387
-209 -3956
527 1905
-1974 3737
-2735 627
-2293 1771
796 -1103
1324 -2713
4473 4688
4841 1569
4057 -2136
0 -1833
0 -4939
2040 3508
-3271 3972
1093 -2926
3120 3374
2701 -2267
4242 -1937
4808 4014
2960 -3061
-4770 2116
770 -4510
0 4268
271 -7
2056 -2439
2790 3031
-2459 -4508
-4035 -2278
-3441 -197
-491 -50
0 2472
0 3419
2255 -1573
-4951 -4579
602 200
2262 1723
-4324 583
-4334 -3931
0 -2245
3262 3783
-4482 -3593
286 4144
1681 -4791
-3305 3407
0 -4496
4139 -999
2830 3280
542 -3222
407 -970
0 1964
1426 772
1682 2152
-1590 -119
3332 -2588
1152 -2027
4075 128
-416 4276
0 971
1625 -4857
0 -503
-2296 1652
3836 -922
-90 3975
-4598 -1491
-2647 -3822
280 2845
-991 -3526
1726 -3569
0 2440
-971 3169
-2884 110
-388 -4288
-4997 -121
1346 3323
799 271
4289 756
-1690 -4563
0 -118
3796 1071
-1419 -4660
4450 1495
-3566 2788
648 3379
-2926 -2940
-3052 -3288
-2946 582
1003 4577
2745 3817
3192 630
1819 -2613
-3911 -2012
4522 4342
3261 -975
1806 4128
3616 1210
-3398 2014
-3918 -4096
703 -2402
1137 1611
4168 -1170
114 -225
-2131 -2463
782 4172
-4361 4271
1937 -3658
-2063 3655
179 1540
-1427 2031
-3698 -2831
3773 1653
-4602 -1332
4875 -3897
-4533 3969
0 -243
1764 4733
1158 -3457
3998 1210
-4258 -5015
-2486 3172
1718 4388
-2439 -4529
-4845 1454
3460 -3382
4888 4683
744 -1382
-277 1381
-969 -2732
-1661 -3688
-586 3274
4860 3142
1378 4798
-4749 -2543
-2276 3277
1890 -301
-407 3326
1247 -4125
-1481 -1115
2640 -4922
511 -3886
1473 3920
-1407 -3691
4710 -3864
-3961 1712
-1743 -757
-2979 3850
-1636 1823
4530 -1933
2429 3460
-4386 2380
-1867 2391
309 1772
-4433 2719
0 -3812
961 -3471
-3857 -1952
-3826 -3956
2359 1346
-2027 -4691
3181 3325
120 -349
0 2635
-1162 -2015
0 -3616
4558 -2029
4730 -3183
-3941 -3817
3728 -4138
-5051 -4955
2664 -428
1532 -156
-3979 1649
-3143 3168
4569 -4224
-777 376
-3133 -4783
0 -831
882 -2031
-4078 3928
-3516 -773
-1125 2564
2600 -4181
-3310 421
3899 -97
-4917 3962
-3908 209
2819 2041
0 -3387
-3543 -3414
0 -854
-2054 -1731
0 1855
0 -1493
323 -863
2255 3192
-4872 1408
0 -1679
156 4883
-4340 4848
2376 -1189
-2795 2376
2661 2189
-1704 -4346
1153 510
-2077 -2636
-4552 3854
708 -2406
31 -1955
3817 -1866
4815 -4052
-3313 -4237
2763 1450
3492 -3085
4852 2389
-1098 -876
-939 3684
-3148 -3220
0 -1011
1165 -2125
1564 -629
4032 -848
2589 4286
1465 2706
1838 2342
3617 2432
3498 3349
-3251 2396
1988 -4381
3883 -3589
-1016 2510
3839 2701
1369 4283
-3751 -4974
4333 -2513
832 1297
-236 -3577
-2903 -1765
-1993 4746
-110 632
-573 -142
2728 2331
2857 -3919
-4610 3029
-1587 2631
2303 -3197
-1793 -595
1085 48
-3287 3426
-4665 -4933
2968 4510
-3858 1255
0 4002
3552 -4199
-3687 1171
2702 -4153
2454 -506
1738 1412
3036 -1623
-3041 4305
-1712 4006
-1423 267
-4757 -2289
1655 -3776
3307 -1695
-3584 -315
692 926
368 4778
-3193 3622
-1579 -2562
800 1636
2999 -2099
3958 586
2603 501
-1895 3695
-2549 1195
0 -4893
4875 1155
3787 4314
4679 -2189
4293 3708
-2547 2182
764 -1729
2966 -3871
-1736 -789
4672 4857
-3176 649
0 -3102
0 3957
-4374 -4280
-4737 -513
4015 -2285
-3127 1822
1880 700
-2393 -3587
630 4191
184 2160
-1021 -1938
4100 2918
3075 3959
2530 -1494
2449 4846
2876 2238
2439 1827
3279 2391
2571 -4965
-2002 2020
-1290 1759
-1047 -2072
-2662 1459
-157 877
-4951 4176
4633 -4025
-340 -2324
-1236 2783
0 -4945
-82 -2377
3191 445
0 -3180
-4161 -3258
4656 -4478
908 -1735
-1823 -3780
1526 -982
975 -1893
1991 -3523
-2506 -117
-2207 2994
-1485 -3776
-4527 4856
925 1572
4173 -308
0 3781
3636 -653
-4994 -3138
-33 -201
-3948 4127
0 -4422
2099 -4436
-2337 1009
0 1633
-2102 -1824
-3894 -2149
2778 4619
-2662 3618
-2470 -3482
2243 -4435
-1948 3585
-1725 1191
4697 4532
1131 -3663
169 136
1253 -1155
3556 -546
-4522 -2988
4061 2209
274 1718
4132 1981
-344 4662
3235 4463
-3035 -3697
0 -1759
-1297 -2060
4544 1449
76 -4884
235 2125
3396 -1040
2362 -2383
697 -1696
-4610 -4868
2380 -4025
200 1280
2146 -4474
4863 -343
0 170
-2527 -2593
2663 -432
-2169 828
-4093 -4363
-4643 -2850
-2837 -912
704 1473
1399 220
-1574 410
1557 1658
83 4535
3103 -3682
-1859 1403
-535 -150
4821 -2616
-4719 -5003
153 -3808
-3527 2473
-4805 2839
-4209 3759
-154 -4535
1543 292
-3314 2460
-4085 -1807
-397 -4562
0 550
-3053 -1339
-3997 413
-3158 4715
4245 -2549
0 3556
-874 2627
4061 -4836
-2109 -3619
3110 4103
-195 2514
821 444
3803 -1886
-2699 -4956
3838 -1843
2907 -3338
1131 -4522
254 3461
-1739 4222
-4280 -4162
-682 -936
-1365 1306
-2419 -2226
-2600 4357
2882 416
-2214 -4797
3529 1694
2122 -4633
-3147 852
-1490 -3984
812 -4019
-4461 -3774
90 1578
1417 4191
605 2421
2476 -476
-1263 -3933
-2687 753
-3165 -3943
1585 -1052
-3795 -1175
-1231 -2055
-2267 -2302
2940 -689
-758 -4407
-3710 -2009
-3435 -4685
2309 3455
1863 -1175
2290 3236
964 -1435
176 -2612
250 -1187
-2522 -4014
-103 -54
4538 -959
2064 -4741
-2808 1793
895 -1915
3910 -4690
0 -3748
-299 -4373
-2065 3561
1067 -3305
0 1642
4608 -3583
2081 -4708
-1409 -1252
4848 -4374
-2947 1764
2848 -3985
4507 4821
-1927 -1031
2650 1291
0 -1323
-50 -4874
1299 4775
-1170 4065
4593 1641
1145 3016
-3533 2931
568 2771
-1940 -440
4795 571
-1620 -2536
2354 4947
-3715 -1532
-621 2052
-2453 -2088
3721 -545
1667 -1809
4860 -4389
68 510
2621 4598
2456 2545
-199 758
68 -2494
-475 2807
4867 -2063
-1983 1512
236 3242
-4762 -4343
-3038 3963
-3494 2924
-4885 3773
-2892 2141
-2446 -4584
2686 1683
-1 2736
1582 2567
-194 3675
1676 -67
-4510 -44
-4165 239
-232 -3089
3757 -4939
4103 825
-2373 3159
4621 2726
-1960 -2746
644 3903
424 -1602
0 3930
836 888
2509 1359
387 2486
0 -2024
0 -4524
-433 1904
2828 2200
4721 3257
2156 -3211
-4205 -1325
-1579 1472
-973 946
-3226 -957
-3509 -4829
3599 1786
-3547 -650
-50 4579
-4484 776
-4654 -4613
3427 -1147
-1672 -1649
-3192 3698
-2093 2926
-1292 -568
-4377 696
3147 3174
-2207 -291
2190 -530
-2510 3378
3075 4722
3929 -2323
2983 4129
-4464 688
3747 1894
1769 3399
0 3884
-3505 -496
3499 -4498
0 -4082
4012 -989
724 -340
2980 -3400
3860 2135
788 3777
-1181 -1311
0 2663
-247 1536
-2285 4882
-3637 3099
-1387 -2676
-3791 -3455
0 2313
4621 1672
-2368 2809
873 -415
1440 -2833
-678 -5012
141 778
-3253 2965
3782 247
600 -645
2102 1652
-2234 3168
4496 -2737
4601 2628
2657 4726
-1417 -3221
82 1343
1347 4039
-351 1365
-4257 1360
-505 1185
3985 71
3610 1384
-4971 873
231 3718
1759 3666
2304 -1597
-1040 1951
-2502 3373
2735 4599
3576 3334
-814 4233
-179 -3796
0 4748
-990 -3495
804 -4708
2489 -3988
2637 3135
4679 -2077
-449 -1758
2294 1330
3687 2131
-1854 2111
-1797 -1956
3172 -3295
2223 -1974
2800 -1370
-4423 703
2569 -973
2041 -3737
0 1913
49 -1885
2602 -141
-2514 4096
0 4363
0 131
-1566 -2338
4127 1142
-4880 4783
2446 4567
-1338 -362
-1080 1392
3660 189
4360 -4645
-1021 1491
4703 -1418
2824 2781
-4041 -1204
887 4827
3190 524
-116 -4561
-3301 -2030
1817 -3848
-3430 -3010
-5076 -1510
2570 -4239
1653 -1538
259 36
4109 -2306
2832 -2336
